
    STEP   DAMPING               NORMS              COMPUTATION TIMES
  IT SIT     GAMMA     ||d||     ||f||     ||U||   F(x)  DF(x)  SOLVE
   0                          2.80e+00  1.41e+00    0.0    0.0    0.0
   1   1  6.08e-01  5.61e-01  1.41e+00  1.07e+00    0.0    0.0    0.0
   2   1  6.51e-01  4.35e-01  6.65e-01  7.90e-01    0.0    0.0    0.0
   3   1  7.21e-01  3.26e-01  2.83e-01  5.55e-01    0.0    0.0    0.0
   4   1  8.50e-01  2.29e-01  9.73e-02  3.60e-01    0.0    0.0    0.0
   5   1  1.00e+00  1.40e-01  2.31e-02  2.20e-01    0.0    0.0    0.0
   6   1  1.00e+00  6.20e-02  3.86e-03  1.58e-01    0.0    0.0    0.0
   7   1  1.00e+00  1.54e-02  2.23e-04  1.43e-01    0.0    0.0    0.0
   8   1  1.00e+00  1.00e-03  9.26e-07  1.42e-01    0.0    0.0    0.0
   9   1  1.00e+00  4.21e-06  1.63e-11  1.42e-01    0.0    0.0    0.0
  10   1  1.00e+00  7.40e-11  2.45e-18  1.42e-01    0.0    0.0    0.0

 STEP      TIME        ||U||  LABEL  TYPE            nu
    0  00:00:00   1.4213e-01      1  EP      1.0000e-02
    2  00:00:00   5.8619e-08      2  HB      4.0501e-08
    2  00:00:00   5.8619e-08      3  BP      4.0501e-08
    2  00:00:00   2.7153e-06      4  FP      4.0498e-08
   10  00:00:00   5.5668e-01      5          1.3635e-01
   18  00:00:00   2.0000e+00      6  HB      9.9998e-01
   18  00:00:00   2.2978e+00      7  EP      1.2000e+00

 STEP      TIME        ||U||  LABEL  TYPE            nu
    0  00:00:00   1.4213e-01      8  EP      1.0000e-02
   10  00:00:00   1.2288e+00      9          5.0250e-01
   14  00:00:00   2.2978e+00     10  EP      1.2000e+00
